0.7152 0.9073 0.7879 0.6845
0.6026 0.6981 0.4545 0.6829
0.7020 0.5604 0.7879 0.4567
0.8212 0.4164 0.7879 0.4587
0.7020 0.6129 0.7879 0.4741
0.7152 0.5607 0.7879 0.4764
0.7152 0.5507 0.7879 0.4571
0.9272 0.1888 1.0000 0.0016
0.9934 0.0494 1.0000 0.0037
0.9205 0.2034 0.7879 0.4651
0.7152 0.5603 0.7879 0.4611
0.7152 0.5504 0.7879 0.4539
0.7152 0.5453 0.4545 0.5324
0.6954 0.6368 0.7879 0.4604
0.7285 0.4750 1.0000 0.1504
1.0000 0.0202 1.0000 0.0008
1.0000 0.0007 1.0000 0.0004
1.0000 0.0004 1.0000 0.0003
1.0000 0.0003 1.0000 0.0003
1.0000 0.0003 1.0000 0.0002
1.0000 0.0003 1.0000 0.0002
1.0000 0.0002 1.0000 0.0002
1.0000 0.0002 1.0000 0.0002
1.0000 0.0002 1.0000 0.0002
1.0000 0.0002 1.0000 0.0002
1.0000 0.0002 1.0000 0.0002
1.0000 0.0002 1.0000 0.0002
1.0000 0.0002 1.0000 0.0002
1.0000 0.0002 1.0000 0.0002
1.0000 0.0002 1.0000 0.0002
